swimmer
1 
13
12
-
13
11
9
-
13
7 
5 
4 
8 
2 
10
-
5
3 
6 
15
14

conductor
19
28
29
24
33
32
23
-
33
20
34
18
35
17
-
33
16
22
30
-
16
21
27
-
21
31
26
25

broom
55
51
44
38
-
65
61
56
38
-
49
60
36
39
38
-
58
59
57
38
-
37
50
38
-
64
63
62
48
47
38
-
45
46
52
38
40
53
54
41
42
43

dipper
90
66
67
86
89
88
87
86
-
79
77
85
76
69
81
84
76
-
84
74
73
70
72
68
80
71
82
78
75

twins
103
104
93 
92 
91 
101
-
91
100
-
94 
93
106
107
97 
96 
105
109
-
105
110
-
102
96
98
99 
95 
108

bull
127
115
126
125
124
123
113
133
112
114
121
129
122
119
134
111
120
131
118
132
130
135
116
117
128
127

embryo
143
142
151
150
141
149
140
136
145
148
137
152
138
139
-
138
153
156
154
155
-
156
157
158
159
160
144
147
146

goose
167
163
168
183
164
166
165
169
171
170
179
180
174
173
172
184
181
185
178
177
176
182
162
161
175
167

infinity
203
201
190
187
186
200
197
199
193
194
188
189
192
195
191
198
196
202
204
205
203

dragonfly
219
228
215
216
207
223
227
224
221
210
220
217
213
211
-
226
214
209
208
222
225
229
212
206
230
218
231
232