swimmer
1 36 282
13 99 381
12 99 575
11 186 308
9 284 174
7 214 462
5 346 391
4 440 298
8 577 305
2 630 261
10 678 95
3 391 481
6 430 555
15 605 586
14 637 484

conductor
19 679 294
28 713 249
29 607 143
24 506 120
33 427 166
32 395 129
23 335 147
20 477 217
34 511 222
18 514 334
35 596 423
17 527 484
16 372 312
22 246 315
30 247 224
21 224 410
27 131 465
31 313 549
26 309 573
25 420 586

broom
55 191 332
51 140 273
44 220 338
65 194 370
61 73 285
56 217 368
49 147 384
60 52 339
36 153 365
39 214 389
58 134 424
59 71 407
57 170 410
37 176 448
50 84 445
64 168 492
63 133 501
62 86 499
48 167 470
47 205 445
45 234 448
46 177 518
52 224 490
38 299 398
40 367 367
53 449 322
54 521 273
41 612 224
42 661 182
43 711 135

dipper
90 268 111
66 194 103
67 144 140
86 110 160
89 97 208
88 40 195
87 67 155
79 90 487
77 118 439
85 157 422
76 241 381
69 298 426
81 366 401
84 360 344
83 419 326
74 517 256
73 540 269
70 573 250
72 588 306
80 623 350
71 581 365
82 547 397
78 603 438
75 558 498
68 628 320

twins
103 23 303
104 36 239
93 174 280
94 202 187
92 138 373
91 109 419
101 13 543
100 111 593
106 248 366
107 310 280
97 396 184
102 461 89
96 435 226
105 403 357
109 353 560
110 461 519
98 538 132
99 573 235
95 618 371
108 643 394

bull
127 242 189
115 214 208
126 195 236
125 211 288
124 276 320
123 305 300
113 407 315
133 434 338
112 486 321
114 527 283
121 534 246
129 519 208
122 561 246
119 561 284
134 514 349
111 457 375
120 433 403
131 360 520
118 327 531
132 293 496
130 255 393
135 230 356
116 170 318
117 158 241
128 183 201

embryo
143 678 182
142 580 100
151 439 71
150 377 80
141 277 79
149 233 94
140 163 107
136 91 193
145 83 304
148 187 415
137 264 407
152 331 345
138 363 271
139 305 241
153 571 511
156 653 517
154 702 409
155 685 349
157 590 559
158 500 579
159 378 598
160 312 600
144 252 598
147 126 535
146 67 449

goose
167 516 591
163 512 557
168 526 526
183 486 483
164 461 413
166 498 374
165 567 364
169 650 194
171 539 289
170 483 305
179 384 275
180 327 249
174 264 202
173 310 191
172 314 310
184 256 353
181 174 360
185 90 394
178 184 404
177 253 437
176 352 423
182 416 440
162 465 505
161 469 540
175 498 559

infinity
203 635 327
201 662 291
190 655 257
187 607 236
186 551 236
200 497 253
197 455 281
199 415 350
193 382 416
194 309 464
188 233 476
189 187 463
192 168 420
195 197 380
191 238 339
198 319 322
196 366 333
202 459 359
204 529 369
205 587 350

dragonfly
219 268 261
228 323 224
215 389 91
216 347 124
207 290 196
223 266 240
227 232 279
224 166 338
221 124 378
210 96 405
220 42 481
217 107 432
213 155 397
211 214 325
226 107 214
214 61 194
209 49 174
208 76 174
222 107 196
225 171 257
229 296 319
212 431 387
206 484 408
230 527 422
218 560 445
231 606 456
232 680 508